SpawnLocation:
  World: world
  X: -272.810686586906
  Y: 77.0
  Z: 197.21688241589067
  pitch: 23
  yaw: 40
